0.0784127710154543, 0.33954807566931655
0.6206149618942334, 0.3371752709650151
1.1628976730255225, 0.3353854328889039
1.705633840315702, 0.3368786174031271
2.248242870365072, 0.3374513282938921
2.7905679605766345, 0.33596831475893363
3.3330540912932207, 0.3356512344803556
3.8757055004228604, 0.33653076991227326
4.41827215139196, 0.3367966562618855
4.960796423280787, 0.336755718070345
5.5031977958368365, 0.3358249887094614
6.045594930484857, 0.33486357689446267
6.588199722626197, 0.3354056053311123
7.130855369663863, 0.33631582321714526
7.673604250678121, 0.3379010550937144
8.216175139555247, 0.3381976238974418
8.758640080731702, 0.33772713134828747
9.301121973540262, 0.33737936861559414
9.843735241497658, 0.3379827619604744
10.386187468950027, 0.33742022204897404
10.928593079414103, 0.3365201751422059
11.471049544774498, 0.33598831768482096
12.0135526271232, 0.33579396722270405
12.556098088552158, 0.33590644130173986
13.09863507416507, 0.33595755047254516
13.641248342122463, 0.3365609438174254
14.183925178700267, 0.33762457397403467
14.726674059714522, 0.3392098058506037
15.2692364727756, 0.3394450097461007
15.81154037344702, 0.3378085839405657
16.353992600899392, 0.33724604402906555
16.896521110696245, 0.33723578829164036
17.439049620493105, 0.33722553255421506
17.981578130289964, 0.33721527681678976
18.524021881926284, 0.3365913719970589
19.066461395654574, 0.3359367847232131
19.609155183864477, 0.33712314469628346
20.15178540345399, 0.3378492678576247
20.694114731573574, 0.3363969367767815
21.236596624382134, 0.3360491740440882
21.779417549832846, 0.33815600764061693
22.32191215636549, 0.3379002922702695
22.864127060968347, 0.33561953492831387
23.406651332857184, 0.33557859673677337
23.949425641319603, 0.3373479233380339
24.492013481828838, 0.3377672219582226
25.034529277901616, 0.3376649188584514
25.577303586364028, 0.3394342454597121
26.119950757585645, 0.3402830984375145
26.661991907959393, 0.33674436047683265
27.204240715826476, 0.3347090627677992
27.747091306633376, 0.3370306735431349
28.289802046475398, 0.33833976333266635
28.83224579811171, 0.3377158585129356
29.374770070000547, 0.3376749203213951
29.9172985797974, 0.3376646645839698
30.459924561478875, 0.33836010529119587
31.00256325688444, 0.33914759336076783
31.54520195228999, 0.3399350814303397
32.08782793397147, 0.3406305221375656
32.63040729866465, 0.34098845584952375
33.17286800193308, 0.340487280846254
33.71519309214463, 0.3390042673112955
34.25768346076926, 0.3387178694868328
34.80041962805943, 0.3402110540010561
35.34307951300512, 0.34115195434120416
35.88567159142238, 0.3416019354155081
36.42806448816238, 0.34060984114639403
36.97038534046591, 0.33909614515732023
37.51297318097514, 0.33951544377750886
38.0555313561282, 0.3397199652188905
38.59747503461732, 0.3354755308135574
39.10628003813055, 0.32936264513821256
39.395368076518565, 0.3223699637023143
39.77177250880699, 0.3150003550579016
40.077581364669285, 0.30648323917759945
40.121285968394105, 0.2982833580240789
40.224088266823415, 0.2773934272237867
40.23234835317827, 0.2691805794170712
40.23953513887402, 0.26169901896533576
40.267715108299356, 0.2871803309381885
40.51600877422017, 0.2496181388714096
40.655736272085676, 0.23978689008443066
40.67319684434831, 0.2288616896761526
40.7076707048474, 0.21903292402009922
40.750396728520926, 0.2109619280090096
40.84788942597848, 0.2026423909349837
40.89598002907189, 0.19373502399786713
40.9708857597666, 0.18419645362164017
41.053568758008836, 0.17415658816808255
41.089318808367025, 0.16517445276140363
41.13752077426581, 0.15707335253520516
41.14191313049642, 0.1491980857189772
41.24202958744527, 0.14003660439899013
41.28185214969771, 0.13078251066225344
41.28623932626297, 0.12286974306877374
41.37812818360429, 0.11365432947924947
41.42610065048376, 0.10389165635327013
41.469319260333634, 0.09541939166625335
41.51780474227941, 0.08612473549915456
41.570324288876066, 0.07682079831347677
41.60492765549789, 0.06765220295854846
41.6753193078259, 0.05789382641932228
41.7322113395733, 0.04778456051303648
41.767875690013625, 0.03908368329014067
41.82841373530023, 0.030123238909379735
41.87332538940687, 0.02092376615656688
41.912165628122594, 0.012492835199173324
41.98125877818684, 0.00304419323127858
42.17606310395382, -0.0011718471902739669
42.69398949817709, -0.0007597530137313235
43.23651800797394, -0.0007700087511566256
43.77904651777081, -0.0007802644885819277
44.3215665517516, -0.0008518851342373956
44.864103537364514, -0.0008007759634323097
45.40663204716137, -0.0008110317008576118
45.94916055695822, -0.0008212874382829138
46.49168906675507, -0.0008315431757082159
47.03421757655194, -0.000841798913133518
47.57674608634879, -0.00085205465055882
48.119274596145644, -0.0008623103879839
48.6618031059425, -0.0008725661254092021
49.20431466410726, -0.0010055516792955022
49.74681350854793, -0.0012305845955278283
50.28938439742505, -0.0009340157918003023
50.831917145129935, -0.0009135890751104103
51.37444565492679, -0.0009238448125357124
51.91697416472364, -0.0009341005499607924
52.45950267452049, -0.0009443562873860945
53.00203118431736, -0.0009546120248113965
53.54455969411421, -0.0009648677622366986
54.087088203911065, -0.0009751234996620006
54.62961671370792, -0.0009853792370873027
55.172145223504785, -0.0009956349745126047
55.71467373330164, -0.0010058907119376848
56.25720224309849, -0.0010161464493629868
56.79973075289536, -0.0010264021867882889
57.34225926269221, -0.001036657924213591
57.88478777248906, -0.001046913661638893
58.427316282285915, -0.001057169399064195
58.96984479208278, -0.001067425136489497
59.512373301879634, -0.0010776808739147992
60.05490181167649, -0.0010879366113398792
60.59743032147334, -0.0010981923487651812
61.13995883127021, -0.0011084480861904833
61.68248734106706, -0.0011187038236157854
62.22501585086391, -0.0011289595610410874
62.76754436066078, -0.0011392152984663895
63.31007287045763, -0.0011494710358916915
63.852601380254484, -0.0011597267733167715
64.39512989005134, -0.0011699825107420736
64.9376583998482, -0.0011802382481673757
65.48018690964506, -0.0011904939855926777
66.02271541944191, -0.0012007497230179798
66.56524392923876, -0.0012110054604432818
67.10777243903563, -0.001221261197868584
67.65030094883248, -0.001231516935293664
68.19282945862933, -0.001241772672718966
68.7353579684262, -0.001252028410144268
69.27788647822305, -0.00126228414756957
69.8204149880199, -0.0012725398849948721
70.36294349781676, -0.0012827956224201742
70.90547200761362, -0.0012930513598454763
71.44800051741048, -0.0013033070972705563
71.99052902720733, -0.0013135628346958583
72.53305753700418, -0.0013238185721211604
73.07558604680105, -0.0013340743095464624
73.6181145565979, -0.0013443300469717645
74.16064306639475, -0.0013545857843970666
74.70317157619161, -0.0013648415218223686
75.24570008598847, -0.0013750972592476707
75.78822859578533, -0.0013853529966727507
76.33075710558218, -0.0013956087340980528
76.87328561537905, -0.0014058644715233548
77.4158141251759, -0.0014161202089486569
77.95834263497275, -0.001426375946373959
78.5008711447696, -0.001436631683799261
79.04339965456647, -0.001446887421224563
79.58592816436332, -0.001457143158649643
80.12845667416018, -0.0014673988960749451
80.67098518395703, -0.0014776546335002472
81.2135136937539, -0.0014879103709255492
81.75604220355075, -0.0014981661083508513
82.2985707133476, -0.0015084218457761533
82.84109922314447, -0.0015186775832014554
83.38362773294132, -0.0015289333206265354
83.92615624273817, -0.0015391890580518375
84.46868475253503, -0.0015494447954771395
85.01121326233189, -0.0015597005329024416
85.55374177212875, -0.0015699562703277437
86.0962702819256, -0.0015802120077530457
86.63879879172245, -0.0015904677451783478
87.18132730151932, -0.0016007234826034278
87.72385581131617, -0.0016109792200287298
88.26638432111302, -0.001621234957454032
88.80891283090989, -0.001631490694879334
89.12949785942621, -0.0016375509033579316